-1467.2289801616141
-1468.0191920580376
-1468.1864575969055
-1468.202570551292
-1468.2044900705018
-1468.2047120345735
-1468.2047379699407
-1468.2047409893373
-1468.2047413395549
-1468.204741379981
-1468.2047413846221
-1468.2047413851528
-1468.2047413852129
-1468.2047413852154
-1468.204741385222
-1468.2047413852233
-1468.2047413852233
-1468.2047413852233
-1468.2047413852233
-1468.2047413852233
-1468.2047413852233
-1468.2047413852233
-1468.2047413852233
-1468.2047413852233
-1468.2047413852233
-1468.2047413852233
-1468.2047413852233
-1468.2047413852233
-1468.2047413852233
-1468.2047413852233
-1468.2047413852233
-1468.2047413852233
-1468.2047413852233
-1468.2047413852233
-1468.2047413852233
-1468.2047413852233
-1468.2047413852233
-1468.2047413852233
-1468.2047413852233
-1468.2047413852233
-1468.2047413852233
-1468.2047413852233
-1468.2047413852233
-1468.2047413852233
-1468.2047413852233
-1468.2047413852233
-1468.2047413852233
-1468.2047413852233
-1468.2047413852233
-1468.2047413852233
