0.2954392433166504
0.30774664878845215
0.29999470710754395
0.27080655097961426
0.2716667652130127
0.30481624603271484
0.2783021926879883
0.2443101406097412
0.2719755172729492
0.30194735527038574
0.29207897186279297
0.29236841201782227
0.2890346050262451
0.26741933822631836
0.2841203212738037
0.29547667503356934
0.2754359245300293
0.2864699363708496
0.28742456436157227
0.31981945037841797
0.28397345542907715
0.29207897186279297
0.2830963134765625
0.29094886779785156
0.28450465202331543
0.2989993095397949
0.2980504035949707
0.2888312339782715
0.29284238815307617
0.2835052013397217
0.28098225593566895
0.29517149925231934
0.29001760482788086
0.2881169319152832
0.29131007194519043
0.2848548889160156
0.28998446464538574
0.28624868392944336
0.289811372756958
0.301098108291626
0.2967352867126465
0.2929258346557617
0.2871997356414795
0.2944495677947998
0.28954005241394043
0.2901284694671631
0.29605579376220703
0.2779359817504883
0.28665876388549805
0.24460840225219727
