-1539.8039544908527
-1552.0723271336485
-1579.9804019982928
-1584.6508414996163
-1584.68085971108
-1584.68085971108
-1584.68085971108
-1584.68085971108
-1584.68085971108
-1584.68085971108
-1584.68085971108
-1584.68085971108
-1584.68085971108
-1584.68085971108
-1584.68085971108
-1584.68085971108
-1584.68085971108
-1584.68085971108
-1584.68085971108
-1584.68085971108
-1584.68085971108
-1584.68085971108
-1584.68085971108
-1584.68085971108
-1584.68085971108
-1584.68085971108
-1584.68085971108
-1584.68085971108
-1584.68085971108
-1584.68085971108
-1584.68085971108
-1584.68085971108
-1584.68085971108
-1584.68085971108
-1584.68085971108
-1584.68085971108
-1584.68085971108
-1584.68085971108
-1584.68085971108
-1584.68085971108
-1584.68085971108
-1584.68085971108
-1584.68085971108
-1584.68085971108
-1584.68085971108
-1584.68085971108
-1584.68085971108
-1584.68085971108
-1584.68085971108
-1584.68085971108
