119.57133150100708
119.93637990951538
121.14759373664856
121.18117165565491
120.89774322509766
120.71962761878967
121.61420559883118
121.09308052062988
121.88582015037537
121.18038249015808
120.75745010375977
121.59165358543396
120.47685480117798
120.81875252723694
120.28126835823059
121.04621148109436
121.3198230266571
121.30648994445801
121.52217411994934
121.00239300727844
121.00387191772461
120.65674185752869
121.24098563194275
121.35841393470764
121.3779149055481
120.3152015209198
120.6013412475586
152.11925625801086
119.31735444068909
119.76901125907898
121.27886629104614
121.64921689033508
120.86053991317749
120.88141179084778
121.22188186645508
120.37683033943176
120.81089425086975
121.23800086975098
121.01006531715393
120.81460428237915
121.61084580421448
121.42967748641968
121.52635025978088
121.30423474311829
120.99564385414124
121.12254190444946
121.53081178665161
121.11203861236572
121.78112864494324
121.01591205596924
