-121.09193731182991
-183.4965438186334
-242.1340668938578
-262.8246909021301
-294.19782298887174
-325.90726737576347
-381.8001079220989
-434.62838963488855
-472.7405096230401
-516.5425817422321
-560.2663667378109
-572.6884773322727
-649.100463117449
-681.1779100103779
-713.1515710017882
-713.1515710017882
-751.4921916156153
-801.6413823639876
-844.4593832598097
-914.1283561412292
-991.1110368201748
-1020.4449501670039
-1098.1097903705427
-1155.0597827400377
-1237.4565224633855
-1266.8699320826656
-1323.7349896832784
-1461.139065697898
-1549.024794140961
-1593.950389808554
-1593.950389808554
-1593.950389808554
-1593.950389808554
-1593.950389808554
-1596.2717352768539
-1596.2717352768539
-1596.2717352768539
-1596.2717352768539
-1596.2717352768539
-1596.2717352768539
-1596.2717352768539
-1596.2717352768539
-1596.2717352768539
-1596.2717352768539
-1596.2717352768539
-1596.2717352768539
-1596.2717352768539
-1596.2717352768539
-1596.2717352768539
-1596.2717352768539
