1.9210209846496582
1.9606380462646484
1.9359419345855713
1.997244119644165
1.9644017219543457
1.9824507236480713
1.9562525749206543
1.963674545288086
1.954331398010254
1.9789721965789795
1.9981660842895508
1.992431879043579
1.9892041683197021
1.9994711875915527
1.8141567707061768
1.91208815574646
1.8893616199493408
1.902698278427124
1.9950134754180908
1.9899272918701172
1.7518696784973145
1.9954771995544434
1.9884908199310303
1.8825082778930664
1.9915118217468262
1.9249413013458252
1.900282859802246
1.9872429370880127
2.0009896755218506
2.001649856567383
1.972337245941162
1.9944493770599365
1.9273607730865479
1.9516808986663818
1.9717977046966553
1.9729371070861816
1.9791052341461182
1.9866135120391846
1.8591041564941406
1.967590093612671
1.9575302600860596
1.8975176811218262
1.956193208694458
1.9520716667175293
1.8953092098236084
1.9821321964263916
1.9892685413360596
1.9663658142089844
1.9703147411346436
1.9904747009277344
