-67.80765585505694
-67.89526388851094
-67.90832424334603
-67.90977653120076
-67.90993794087655
-67.90995587695507
-67.90995786991506
-67.90995809135727
-67.90995811596223
-67.90995811869605
-67.90995811900022
-67.90995811903333
-67.90995811903647
-67.9099581190375
-67.9099581190375
-67.9099581190375
-67.9099581190375
-67.90995811903755
-67.90995811903774
-67.90995811903792
-67.90995811903792
-67.90995811903792
-67.90995811903792
-67.90995811903792
-67.90995811903792
-67.90995811903792
-67.90995811903792
-67.90995811903792
-67.90995811903792
-67.90995811903792
-67.90995811903792
-67.90995811903792
-67.90995811903792
-67.90995811903792
-67.90995811903792
-67.90995811903792
-67.90995811903792
-67.90995811903792
-67.90995811903792
-67.90995811903792
-67.90995811903792
-67.90995811903792
-67.90995811903792
-67.90995811903792
-67.90995811903792
-67.90995811903792
-67.90995811903792
-67.90995811903792
-67.90995811903792
-67.90995811903792
