0.03347659111022949
0.030604124069213867
0.0351719856262207
0.030684232711791992
0.030643939971923828
0.03365921974182129
0.030309677124023438
0.03107285499572754
0.031055450439453125
0.030707597732543945
0.028885364532470703
0.03146505355834961
0.03544449806213379
0.030983448028564453
0.03287386894226074
0.03512406349182129
0.03185725212097168
0.034140825271606445
0.03155660629272461
0.03102278709411621
0.030712604522705078
0.03237032890319824
0.03141427040100098
0.030917644500732422
0.03277325630187988
0.030603647232055664
0.031004667282104492
0.03202486038208008
0.031465768814086914
0.03149104118347168
0.0316162109375
0.03185296058654785
0.031926631927490234
0.03213238716125488
0.03144216537475586
0.03144097328186035
0.03207659721374512
0.03392481803894043
0.03223419189453125
0.03256988525390625
0.0337064266204834
0.03115248680114746
0.034070730209350586
0.030299663543701172
0.03072214126586914
0.03162837028503418
0.0377500057220459
0.032428741455078125
0.03030562400817871
0.03163290023803711
