-1306.8321389281919
-1457.323320538182
-1507.9685768708816
-1520.6272815577845
-1523.9273623944432
-1524.7733731382943
-1525.71973493227
-1525.833400772308
-1525.8334019124536
-1525.8339169557723
-1525.8353026700458
-1525.8367095855322
-1525.8385232791745
-1525.840237410484
-1525.8426064173173
-1525.842642852221
-1525.8428731933775
-1525.842918093281
-1525.8429207192555
-1525.8429222141738
-1525.8429222141738
-1525.8429231425557
-1525.8429236165143
-1525.8429238629938
-1525.8429239082825
-1525.8429244515512
-1525.8429250829079
-1525.8429250829079
-1525.8429250829079
-1525.8429250829079
-1525.84292509398
-1525.8429543155632
-1525.842978221814
-1525.8429782218154
-1525.8429782218154
-1525.8429782337168
-1525.8429782584117
-1525.8429782670012
-1525.8429782875246
-1525.8429782955855
-1525.8429782974135
-1525.842978298861
-1525.842978298861
-1525.8429782990697
-1525.8429782991484
-1525.842978300433
-1525.8429783029103
-1525.8429783029103
-1525.8429783030201
-1525.842978303065
