0.44005274772644043
0.4400482177734375
0.43852853775024414
0.4508993625640869
0.4355752468109131
0.4316835403442383
0.43770432472229004
0.438246488571167
0.44484424591064453
0.43755125999450684
0.4374699592590332
0.4341251850128174
0.4353349208831787
0.4579746723175049
0.4177885055541992
0.4404871463775635
0.41792750358581543
0.4365565776824951
0.3579418659210205
0.3584268093109131
0.42888402938842773
0.43578028678894043
0.45928168296813965
0.4376645088195801
0.42835140228271484
0.4468257427215576
0.4292571544647217
0.4451768398284912
0.4552938938140869
0.4355051517486572
0.4413573741912842
0.4402627944946289
0.44604015350341797
0.43578171730041504
0.43617820739746094
0.43787693977355957
0.428621768951416
0.43755459785461426
0.43819403648376465
0.4371519088745117
0.4304046630859375
0.4470803737640381
0.4210484027862549
0.43676233291625977
0.4340348243713379
0.3867642879486084
0.36994433403015137
0.3868236541748047
0.42647290229797363
0.4360520839691162
