-66.50987136632313
-110.92728886567117
-126.7795919196637
-126.7795919196637
-145.1791737071829
-145.1791737071829
-156.82844590687202
-179.7834955517755
-198.6816268127808
-202.0942465059797
-243.1019785501181
-243.1019785501181
-243.1019785501181
-243.1019785501181
-285.49166303942167
-306.7234700168244
-307.49162443714323
-307.62560277308904
-307.62560277308904
-314.73720916525315
-334.6988222229989
-348.8298517953702
-367.7470765901381
-380.81178941289073
-387.46884890558755
-417.78018725094205
-418.7820425198732
-419.5545193231732
-443.461916062445
-492.6747188795843
-508.01909262437886
-524.056392712236
-528.8342832719923
-551.5022685699561
-558.3346779942638
-585.435480580992
-600.6277853150538
-600.6277853150538
-600.6277853150538
-656.1743540683902
-694.6174891838783
-694.6174891838783
-694.6174891838783
-704.4654302225146
-704.4654302225146
-761.6000529609861
-827.8224330155958
-880.1032638254037
-880.1032638254037
-880.1032638254037
