0.32196831703186035
0.3209505081176758
0.3215034008026123
0.31717824935913086
0.31798481941223145
0.3247354030609131
0.25542569160461426
0.2842254638671875
0.2885878086090088
0.2807619571685791
0.2770366668701172
0.3254828453063965
0.3256072998046875
0.317655086517334
0.3147847652435303
0.3265798091888428
0.3247380256652832
0.32947754859924316
0.3231019973754883
0.3362448215484619
0.3242464065551758
0.31941914558410645
0.32139110565185547
0.3323252201080322
0.3277587890625
0.3175821304321289
0.34296727180480957
0.3185606002807617
0.32347965240478516
0.3166794776916504
0.32825446128845215
0.3278203010559082
0.31745219230651855
0.3116776943206787
0.3287081718444824
0.32318878173828125
0.3082904815673828
0.3175241947174072
0.3274574279785156
0.31952500343322754
0.3036174774169922
0.3174412250518799
0.3156120777130127
0.2917320728302002
0.2999114990234375
0.3069300651550293
0.29949188232421875
0.31067895889282227
0.31704020500183105
0.3294057846069336
