-1298.1460836236936
-1558.7093410644047
-1575.6449370390728
-1575.6449370390728
-1575.6449370390728
-1575.6449370390728
-1575.6449370390728
-1575.6449370390728
-1575.6449370390728
-1575.6449370390728
-1575.6449370390728
-1575.6449370390728
-1575.6449370390728
-1575.6449370390728
-1575.6449370390728
-1575.6449370390728
-1575.6449370390728
-1575.6449370390728
-1575.6449370390728
-1575.6449370390728
-1575.6449370390728
-1575.6449370390728
-1575.6449370390728
-1575.6449370390728
-1575.6449370390728
-1575.6449370390728
-1575.6449370390728
-1575.6449370390728
-1575.6449370390728
-1586.9791566816136
-1587.0966209659623
-1587.0966209659623
-1587.0966209659623
-1587.0966209659623
-1587.0966209659623
-1587.0966209659623
-1587.0966209659623
-1587.0966209659623
-1587.0966209659623
-1587.0966209659623
-1587.0966209659623
-1587.0966209659623
-1587.0966209659623
-1587.0966209659623
-1587.0966209659623
-1587.0966209659623
-1587.0966209659623
-1587.0966209659623
-1587.0966209659623
-1587.0966209659623
