65.2554886341095
67.57352542877197
68.00773096084595
68.32718849182129
68.34709668159485
67.84625315666199
68.19667625427246
68.5383141040802
68.22081112861633
68.52621412277222
68.15563464164734
68.29123616218567
67.64305210113525
68.0327365398407
68.28073000907898
67.95357179641724
68.23696327209473
68.24882221221924
68.60684514045715
68.16725659370422
68.24142599105835
67.72794008255005
68.39667415618896
68.47230243682861
68.15060710906982
68.12034368515015
67.5492467880249
67.9962944984436
67.99398446083069
68.19516515731812
68.09214305877686
68.29083228111267
68.48997449874878
68.01773118972778
68.28080010414124
68.09939527511597
68.18209266662598
68.01533699035645
68.31558775901794
68.5002007484436
68.2351586818695
68.05871391296387
68.41165041923523
68.02128672599792
68.14808249473572
68.10469841957092
67.83171153068542
67.91658544540405
68.40016460418701
68.08320784568787
