-1097.3143327632063
-1533.0759293082535
-1574.8805540901728
-1574.9524929167478
-1580.9863424713237
-1604.745294619784
-1608.3310837701965
-1609.925272916122
-1610.3047932806528
-1610.3652174175877
-1610.5223358769558
-1610.5410169384886
-1610.5410169386673
-1615.6580154705252
-1616.1314511648438
-1616.1394799068391
-1616.1394804407823
-1616.1434578773692
-1616.143457884262
-1616.1436146659576
-1616.1518434867107
-1616.165430352118
-1616.165875008705
-1616.1686659751974
-1616.1686659751974
-1616.168722529037
-1616.1687358355387
-1616.168741527756
-1616.1687551333916
-1616.168761065547
-1616.168761065547
-1616.168761065547
-1616.1687620492726
-1616.1687635684339
-1616.1687635684339
-1616.1687635684339
-1616.168763598238
-1616.1687636227225
-1616.1687636227225
-1616.1687636227225
-1616.1687636230643
-1616.1687636231875
-1616.1687636233282
-1616.1687636233685
-1616.1687636235595
-1616.1687636240704
-1616.1687636240704
-1616.1687636243216
-1616.168763624356
-1616.1687636243632
