0.6659450531005859
0.6668164730072021
0.6654798984527588
0.6691646575927734
0.655951976776123
0.6799631118774414
0.6606295108795166
0.6465694904327393
0.6674048900604248
0.6615781784057617
0.6655161380767822
0.652043342590332
0.6689929962158203
0.6478195190429688
0.6838181018829346
0.5554385185241699
0.646629810333252
0.6587417125701904
0.6706514358520508
0.6687314510345459
0.643488883972168
0.6476678848266602
0.6443624496459961
0.6677720546722412
0.6932382583618164
0.6641395092010498
0.6571245193481445
0.6589865684509277
0.6805868148803711
0.6352744102478027
0.6574468612670898
0.649038553237915
0.585557222366333
0.6298868656158447
0.6816463470458984
0.6619465351104736
0.6619992256164551
0.6508650779724121
0.655724287033081
0.6600925922393799
0.6623640060424805
0.6441473960876465
0.6586265563964844
0.6421914100646973
0.6850049495697021
0.6580593585968018
0.6366639137268066
0.6562240123748779
0.6576628684997559
0.6677606105804443
