-67.87421634726213
-67.9066625124365
-67.9096808166521
-67.90993432300671
-67.90995619432168
-67.90995795811652
-67.90995810520646
-67.90995811773207
-67.90995811890716
-67.90995811902629
-67.90995811903618
-67.90995811903731
-67.9099581190378
-67.9099581190378
-67.9099581190378
-67.9099581190378
-67.9099581190378
-67.9099581190378
-67.9099581190378
-67.9099581190378
-67.9099581190378
-67.9099581190378
-67.9099581190378
-67.9099581190378
-67.9099581190378
-67.9099581190378
-67.9099581190378
-67.9099581190378
-67.9099581190378
-67.9099581190378
-67.9099581190378
-67.9099581190378
-67.9099581190378
-67.9099581190378
-67.9099581190378
-67.9099581190378
-67.9099581190378
-67.9099581190378
-67.9099581190378
-67.9099581190378
-67.9099581190378
-67.9099581190378
-67.9099581190378
-67.9099581190378
-67.9099581190378
-67.9099581190378
-67.9099581190378
-67.9099581190378
-67.9099581190378
-67.9099581190378
