0.04886293411254883
0.04840731620788574
0.04631471633911133
0.049320220947265625
0.04961991310119629
0.04568958282470703
0.045565128326416016
0.04667019844055176
0.046376943588256836
0.04622387886047363
0.045250654220581055
0.04581642150878906
0.04693031311035156
0.0444490909576416
0.04691624641418457
0.04620504379272461
0.04491758346557617
0.044846534729003906
0.04623532295227051
0.045436859130859375
0.046653032302856445
0.04584026336669922
0.047492265701293945
0.04772353172302246
0.05001330375671387
0.04713797569274902
0.04323124885559082
0.04809832572937012
0.04663372039794922
0.045783042907714844
0.04779458045959473
0.046128034591674805
0.04710245132446289
0.04610490798950195
0.04289412498474121
0.04595065116882324
0.045472145080566406
0.04548931121826172
0.04749488830566406
0.04608798027038574
0.04535555839538574
0.046852827072143555
0.04635214805603027
0.04523587226867676
0.04752087593078613
0.04597043991088867
0.04599618911743164
0.04613924026489258
0.04478597640991211
0.046007394790649414
