-1330.167155651391
-1502.3003104593827
-1586.2314711971753
-1586.3574482939964
-1604.6897136649086
-1606.4311805158695
-1608.9258234979068
-1609.745709249984
-1609.8502493938374
-1610.4324984407249
-1610.4870411435004
-1610.588589648198
-1610.7161370391375
-1610.7568342558852
-1610.7578890396808
-1610.7578890396808
-1610.7578890396808
-1610.7578890396808
-1610.7579914176613
-1610.7579914176613
-1610.7580823941698
-1610.7580997161342
-1610.7581089118642
-1610.7581121013
-1610.7581121013
-1610.7581128460456
-1610.75811323341
-1610.7581141327566
-1610.758114177078
-1610.7581141770806
-1610.7581142934575
-1610.7581142934605
-1610.7581142934605
-1610.7581142934605
-1610.7581142937295
-1610.7581142944591
-1610.7581142944591
-1610.7581142945849
-1610.7581142949468
-1610.7581142949468
-1610.7581142949468
-1610.7581142949468
-1610.7581142949525
-1610.758114294954
-1610.7581142949598
-1610.7581142949625
-1610.7581142949625
-1610.7581142949625
-1610.7581142949625
-1610.7581142949625
