0.08599734306335449
0.08011293411254883
0.08590269088745117
0.08063602447509766
0.08601713180541992
0.08962678909301758
0.08674430847167969
0.08746480941772461
0.0851442813873291
0.0809636116027832
0.08477306365966797
0.08840084075927734
0.0859670639038086
0.08003568649291992
0.08782505989074707
0.08411550521850586
0.08484411239624023
0.08419656753540039
0.08617067337036133
0.08321714401245117
0.08287429809570312
0.07826781272888184
0.08099365234375
0.08118915557861328
0.09056782722473145
0.0835418701171875
0.0931539535522461
0.08989262580871582
0.08590841293334961
0.0856618881225586
0.08447003364562988
0.0834496021270752
0.087982177734375
0.08566403388977051
0.07405900955200195
0.069854736328125
0.08355545997619629
0.09090423583984375
0.07489848136901855
0.07710599899291992
0.07362842559814453
0.07991981506347656
0.07107114791870117
0.08623003959655762
0.08083224296569824
0.07032299041748047
0.07071876525878906
0.06836104393005371
0.06762576103210449
0.07281994819641113
