-1285.2108658060222
-1300.3227497441753
-1300.8958492190495
-1300.983577687868
-1300.9929690681752
-1300.9940463581188
-1300.9941679526594
-1300.9941817173546
-1300.9941832743266
-1300.9941834504596
-1300.9941834703818
-1300.9941834726374
-1300.9941834728916
-1300.9941834729216
-1300.9941834729239
-1300.9941834729261
-1300.9941834729261
-1300.9941834729261
-1300.9941834729261
-1300.9941834729261
-1300.9941834729261
-1300.9941834729261
-1300.9941834729261
-1300.9941834729261
-1300.9941834729261
-1300.9941834729261
-1300.9941834729261
-1300.9941834729261
-1300.9941834729261
-1300.9941834729261
-1300.9941834729261
-1300.9941834729261
-1300.9941834729261
-1300.9941834729261
-1300.9941834729261
-1300.9941834729261
-1300.9941834729261
-1300.9941834729261
-1300.9941834729261
-1300.9941834729261
-1300.9941834729261
-1300.9941834729261
-1300.9941834729261
-1300.9941834729261
-1300.9941834729261
-1300.9941834729261
-1300.9941834729261
-1300.9941834729261
-1300.9941834729261
-1300.9941834729261
