0.4526364803314209
0.44378066062927246
0.4134359359741211
0.41831135749816895
0.42995500564575195
0.41442275047302246
0.4199659824371338
0.4145808219909668
0.4257700443267822
0.4506547451019287
0.43543457984924316
0.4189004898071289
0.4300820827484131
0.43105602264404297
0.4433925151824951
0.41851186752319336
0.4350886344909668
0.4435117244720459
0.4383666515350342
0.4229013919830322
0.4373183250427246
0.43729138374328613
0.4316561222076416
0.41177797317504883
0.4022386074066162
0.41614365577697754
0.36304616928100586
0.4363563060760498
0.4189870357513428
0.4268372058868408
0.4403197765350342
0.4206700325012207
0.41672658920288086
0.41937708854675293
0.4200119972229004
0.42661428451538086
0.4258229732513428
0.4124011993408203
0.43288469314575195
0.4329547882080078
0.4347953796386719
0.4294753074645996
0.40092897415161133
0.4578976631164551
0.44308018684387207
0.4312164783477783
0.4151885509490967
0.42024850845336914
0.4411625862121582
0.42357754707336426
