-212.99364137618548
-213.03751386170197
-213.04238153193754
-215.57222439157283
-215.57228477807737
-215.57229148760848
-215.57229223310938
-216.00727157535735
-216.2533771615575
-216.39530542371566
-223.5607009492049
-225.77429427904028
-226.088990402569
-226.43676588991937
-226.49007800421495
-226.50419992204917
-226.62647576425624
-226.62647576425644
-226.63322315703414
-226.63965442148103
-226.64065924994387
-226.64087110124328
-226.6409407013
-226.64094070130042
-226.64094070130082
-226.64094320071078
-226.6411899583109
-226.6411899583111
-226.6412246449409
-226.64122464494153
-226.6412255189973
-226.64122632847673
-226.64122758291015
-226.64122868092127
-226.6412291843551
-226.64122981713288
-226.64123021012708
-226.64123031023732
-226.64123031023732
-226.64123031023732
-226.64123032299477
-226.6412303234481
-226.6412303234481
-226.6412303259776
-226.6412303282861
-226.6412303282861
-226.64123032877768
-226.64123032882074
-226.64123032882074
-226.6412303288622
