0.04531288146972656
0.04407143592834473
0.039197444915771484
0.041269779205322266
0.04456305503845215
0.042398691177368164
0.03954911231994629
0.04750967025756836
0.038767337799072266
0.04459834098815918
0.03644275665283203
0.03695559501647949
0.03803086280822754
0.036188364028930664
0.04281306266784668
0.04293942451477051
0.04210805892944336
0.03973817825317383
0.04139900207519531
0.041286468505859375
0.04093050956726074
0.03986239433288574
0.040543556213378906
0.03914618492126465
0.041374921798706055
0.0444033145904541
0.04456901550292969
0.04246020317077637
0.0422976016998291
0.0424344539642334
0.04176902770996094
0.04154253005981445
0.040726423263549805
0.04269242286682129
0.04280686378479004
0.043753623962402344
0.041059255599975586
0.04384136199951172
0.04025626182556152
0.03669333457946777
0.040126800537109375
0.03721785545349121
0.03731966018676758
0.04220938682556152
0.04089212417602539
0.04469037055969238
0.04296374320983887
0.040650129318237305
0.04165959358215332
0.04303479194641113
