-1093.1490490316926
-1095.2514453725203
-1095.4712889050447
-1095.495216791112
-1095.497887024082
-1095.4981878899628
-1095.4982219208462
-1095.4982257744812
-1095.4982262109302
-1095.4982262603526
-1095.4982262659482
-1095.4982262665817
-1095.4982262666517
-1095.4982262666585
-1095.4982262666606
-1095.4982262666606
-1095.4982262666606
-1095.4982262666606
-1095.4982262666606
-1095.4982262666606
-1095.4982262666606
-1095.4982262666606
-1095.4982262666606
-1095.4982262666606
-1095.4982262666606
-1095.4982262666606
-1095.4982262666606
-1095.4982262666606
-1095.4982262666606
-1095.4982262666606
-1095.4982262666606
-1095.4982262666606
-1095.4982262666606
-1095.4982262666606
-1095.4982262666606
-1095.4982262666606
-1095.4982262666606
-1095.4982262666606
-1095.4982262666606
-1095.4982262666606
-1095.4982262666606
-1095.4982262666606
-1095.4982262666606
-1095.4982262666606
-1095.4982262666606
-1095.4982262666606
-1095.4982262666606
-1095.4982262666606
-1095.4982262666606
-1095.4982262666606
