1.066471815109253
1.1146008968353271
1.055377721786499
1.048229455947876
1.0841090679168701
1.0824346542358398
1.0640907287597656
0.9477698802947998
0.9713046550750732
1.0584750175476074
1.0814814567565918
1.0856211185455322
1.0510292053222656
1.0570433139801025
1.0601110458374023
1.0855076313018799
1.068704605102539
1.0896046161651611
1.039642572402954
0.9736237525939941
1.1168313026428223
1.0552380084991455
1.1155617237091064
1.0744588375091553
1.0902013778686523
1.0429458618164062
1.0798180103302002
1.0895662307739258
1.0965795516967773
1.0022799968719482
0.9813370704650879
1.0929713249206543
1.0565464496612549
1.0781900882720947
1.1015574932098389
1.1203064918518066
1.036971092224121
1.0307273864746094
1.1742305755615234
1.1717119216918945
1.009842872619629
0.9910492897033691
1.1693954467773438
1.203068494796753
1.1722970008850098
1.1557347774505615
1.1600947380065918
1.1724674701690674
1.166351079940796
1.1595542430877686
