-1166.7963730387628
-1169.3170320282622
-1169.5952830832157
-1258.9956934842887
-1258.9993155174861
-1272.7637038377775
-1274.631818165551
-1275.6412829879785
-1287.670531851618
-1290.3165306709293
-1290.942289913691
-1290.9966431234675
-1291.154541240829
-1291.17662847069
-1291.2762807092781
-1291.4019355955697
-1291.4019355956832
-1291.4058124940696
-1291.4080267781994
-1291.4123861413677
-1291.414834753004
-1291.4148347530063
-1291.4151568160937
-1291.4163100079484
-1291.4163294819323
-1291.4163294819323
-1291.4163739373707
-1291.4163739373707
-1291.4163775106979
-1291.4163802997468
-1291.4164271981126
-1291.4164444841413
-1291.416448092348
-1291.4164480923503
-1291.4164482342594
-1291.416448813643
-1291.416448813643
-1291.416448813643
-1291.4164488247827
-1291.4164488399945
-1291.4164488399945
-1291.4164488655153
-1291.4164488655153
-1291.4164488655153
-1291.4164488655153
-1291.4164488655153
-1291.4164488657023
-1291.416448865746
-1291.416448865746
-1291.416448865746
