0.15047645568847656
0.14090776443481445
0.174302339553833
0.17153644561767578
0.1782970428466797
0.17483806610107422
0.17710661888122559
0.15924477577209473
0.1729741096496582
0.1716322898864746
0.16863274574279785
0.17238163948059082
0.17994165420532227
0.19464468955993652
0.16837096214294434
0.17702984809875488
0.17120695114135742
0.17425060272216797
0.17882728576660156
0.16663146018981934
0.16627883911132812
0.17294859886169434
0.17591238021850586
0.1744856834411621
0.16649746894836426
0.17103290557861328
0.17411375045776367
0.1710224151611328
0.17620515823364258
0.17702960968017578
0.17872834205627441
0.17489361763000488
0.1706092357635498
0.1761467456817627
0.17518997192382812
0.17000508308410645
0.15735220909118652
0.17241168022155762
0.17731308937072754
0.17098355293273926
0.16133379936218262
0.17363190650939941
0.17385220527648926
0.17673039436340332
0.17446517944335938
0.1740734577178955
0.1725444793701172
0.17770648002624512
0.1637730598449707
0.15895843505859375
