-67.7334222674115
-163.3766308552261
-178.59658109384344
-178.59739739365145
-178.59748799704897
-178.59749806051917
-178.97538786832754
-179.1079702350455
-180.01866363147448
-180.96430514290364
-180.96430514308736
-180.9643051431076
-181.06447459273193
-181.08077477307086
-181.08290414559923
-181.08290414559923
-181.08290414559937
-181.08577743699
-181.09079956465152
-181.1200125747833
-181.12001257478346
-181.12001257478394
-181.12269892117752
-181.12345762387545
-181.12345762387562
-181.1235273157896
-181.12353208658922
-181.12353208658922
-181.12353208658922
-181.12353208658922
-181.12353454773586
-181.12354016186717
-181.12354016186765
-181.12354016186765
-181.1237097134484
-181.1237947642808
-181.12379476428097
-181.12379476428097
-181.12379476428097
-181.12379476428097
-181.12379476428097
-181.12379476428097
-181.12379476428097
-181.12379476428097
-181.12379476428097
-181.12379476428097
-181.12379476428097
-181.12379476428097
-181.12379476428097
-181.12379476428097
