0.026454925537109375
0.025073766708374023
0.024306058883666992
0.024092674255371094
0.025593996047973633
0.02574014663696289
0.02452707290649414
0.025745630264282227
0.02637338638305664
0.02451610565185547
0.026021480560302734
0.02533745765686035
0.02532672882080078
0.02611088752746582
0.02531886100769043
0.025925159454345703
0.02436065673828125
0.027774572372436523
0.026119709014892578
0.025155067443847656
0.026675701141357422
0.025232315063476562
0.02454662322998047
0.02626490592956543
0.02581167221069336
0.025637388229370117
0.025728702545166016
0.02543354034423828
0.027185678482055664
0.026106834411621094
0.024292469024658203
0.024478912353515625
0.025394439697265625
0.025338172912597656
0.025357961654663086
0.025530576705932617
0.02525782585144043
0.025026798248291016
0.024590730667114258
0.025415420532226562
0.024898529052734375
0.024514436721801758
0.0244596004486084
0.02385234832763672
0.024737834930419922
0.024745464324951172
0.02649068832397461
0.024630308151245117
0.024821996688842773
0.025759220123291016
