-169.16587791559016
-169.9181850279313
-169.97534907178138
-169.98571925236297
-169.98723046147586
-169.98744459553882
-169.98747245112946
-169.987475596525
-169.98747596908566
-169.98747601232884
-169.98747601730557
-169.9874760178731
-169.98747601793303
-169.98747601794193
-169.98747601794315
-169.98747601794344
-169.98747601794406
-169.98747601794406
-169.98747601794406
-169.98747601794406
-169.98747601794406
-169.98747601794406
-169.98747601794406
-169.98747601794406
-169.98747601794406
-169.98747601794406
-169.98747601794406
-169.98747601794406
-169.98747601794406
-169.98747601794406
-169.98747601794406
-169.98747601794406
-169.98747601794406
-169.98747601794406
-169.98747601794406
-169.98747601794406
-169.98747601794406
-169.98747601794406
-169.98747601794406
-169.98747601794406
-169.98747601794406
-169.98747601794406
-169.98747601794406
-169.98747601794406
-169.98747601794406
-169.98747601794406
-169.98747601794406
-169.98747601794406
-169.98747601794406
-169.98747601794406
