0.0802314281463623
0.07751584053039551
0.07581591606140137
0.07617807388305664
0.07662701606750488
0.07297611236572266
0.07064986228942871
0.06834149360656738
0.06830787658691406
0.07156872749328613
0.07164430618286133
0.06915950775146484
0.06531572341918945
0.06171751022338867
0.06330347061157227
0.06368279457092285
0.06137371063232422
0.08070874214172363
0.07939529418945312
0.06468415260314941
0.06096506118774414
0.06065225601196289
0.06011700630187988
0.06123161315917969
0.06295561790466309
0.06999492645263672
0.0606844425201416
0.06044125556945801
0.0621943473815918
0.061303138732910156
0.06176495552062988
0.06550192832946777
0.0764012336730957
0.07609987258911133
0.07962560653686523
0.07749414443969727
0.08113598823547363
0.07718634605407715
0.07388830184936523
0.07647490501403809
0.07503962516784668
0.07867741584777832
0.07835507392883301
0.07790756225585938
0.07765769958496094
0.0779116153717041
0.07468008995056152
0.0786898136138916
0.07674884796142578
0.07673001289367676
