-1167.003670071966
-1429.9586795511952
-1503.2381824383606
-1510.3529787844327
-1556.7541828297215
-1560.2969989236858
-1577.2783578001026
-1579.0090372816635
-1579.8282231436217
-1580.6014618745633
-1597.207869744249
-1598.6435392553185
-1598.6435490490762
-1598.6560510856714
-1598.6568020388775
-1602.4951450541876
-1615.8790179772616
-1615.8824442394407
-1615.9504533534819
-1616.1279468643475
-1616.3009735775308
-1616.406310424056
-1616.426326964641
-1616.7732053874101
-1616.8016151624772
-1616.803920379232
-1616.8063064387998
-1616.81430291378
-1616.8159205086868
-1616.8160878553565
-1616.8163025735278
-1616.8165749975792
-1616.8166209860292
-1616.8166578679375
-1616.8166715876325
-1616.8166892481072
-1616.8166907917257
-1616.8166916820176
-1616.818487937376
-1616.8192736408737
-1616.8192736408737
-1616.819321761922
-1616.8193690824744
-1616.8193837278263
-1616.8193942912021
-1616.8193996589669
-1616.8194000136189
-1616.8194041896072
-1616.8194041896072
-1616.8194042163345
