0.800072431564331
0.889937162399292
0.885256290435791
0.9071900844573975
0.912224531173706
0.8949253559112549
0.9040224552154541
0.8667299747467041
0.8735532760620117
0.8831703662872314
0.9109137058258057
0.8954184055328369
0.8896932601928711
0.8946361541748047
0.8019933700561523
0.8714048862457275
0.8869426250457764
0.9034698009490967
0.8805196285247803
0.8851354122161865
0.8576233386993408
0.8814868927001953
0.8969287872314453
0.8843493461608887
0.9096269607543945
0.8895168304443359
0.724945068359375
0.8686783313751221
0.8702266216278076
0.8790678977966309
0.881730318069458
0.9117839336395264
0.8894193172454834
0.8846769332885742
0.8851959705352783
0.8756072521209717
0.8818788528442383
0.8905918598175049
0.9230706691741943
0.8746325969696045
0.8121416568756104
0.8461437225341797
0.9090533256530762
0.8880717754364014
0.896385908126831
0.9173886775970459
0.8941173553466797
0.8993659019470215
0.8806846141815186
0.8878238201141357
