-87.9715294841235
-158.3991658226055
-158.3991658226055
-187.09975745848158
-200.4185011611509
-220.5040413615904
-228.92051812888474
-269.31579722016244
-296.98716287447377
-351.8437298068435
-361.76627779017264
-361.76627779017264
-431.73318045190854
-479.5814838287948
-521.1513276474318
-521.1513276474318
-556.0196858514294
-571.2314636562487
-618.3517171617808
-658.5408241452714
-705.8005918392471
-705.8005918392471
-788.6067602278084
-789.0158358136953
-847.6969942129524
-880.322949340771
-913.4644721229271
-965.7299813724029
-992.1056575252007
-1054.2858981551517
-1096.5556277695598
-1157.9394657427326
-1157.9394657427326
-1209.5799067453283
-1292.6007951664421
-1387.8395738288987
-1494.1840183689162
-1545.5505579201795
-1584.2460026259432
-1596.4943025372938
-1597.922232019843
-1597.922232019843
-1597.922232019843
-1597.922232019843
-1597.922232019843
-1597.922232019843
-1597.922232019843
-1597.922232019843
-1597.922232019843
-1597.922232019843
