0.7059750556945801
0.6904258728027344
0.6986091136932373
0.7204618453979492
0.7289378643035889
0.7322177886962891
0.7246911525726318
0.7162966728210449
0.7298624515533447
0.7165470123291016
0.7096176147460938
0.7100002765655518
0.7274777889251709
0.6821377277374268
0.7012038230895996
0.7019510269165039
0.7106678485870361
0.7151448726654053
0.709545373916626
0.7200546264648438
0.7220780849456787
0.7194919586181641
0.7126660346984863
0.7282707691192627
0.71787428855896
0.6851048469543457
0.7186365127563477
0.7296302318572998
0.7136762142181396
0.7184321880340576
0.7063064575195312
0.7059626579284668
0.719799280166626
0.7103796005249023
0.7376818656921387
0.7182407379150391
0.7136895656585693
0.710953950881958
0.7000665664672852
0.7212116718292236
0.7257635593414307
0.6959090232849121
0.7082629203796387
0.7149198055267334
0.736250638961792
0.7044658660888672
0.6686491966247559
0.6807529926300049
0.7213621139526367
0.7189407348632812
