-91.70533783545989
-170.10704573013953
-223.94663804201204
-256.79805638674554
-298.4681048792229
-321.96857231514576
-355.7397161457084
-396.7334149182244
-435.86355544234317
-476.5831489103935
-506.0096318444187
-544.0836688777963
-553.3481062423002
-589.8954440051037
-630.112591755423
-661.4470097687739
-694.5927747853824
-756.8529653709801
-831.6212296992933
-899.5770801718741
-911.4058678540765
-974.073928706881
-1008.0753817772498
-1071.9835281214068
-1129.5255029991192
-1137.4896160557641
-1262.9039105345305
-1283.763001291379
-1322.1596278418072
-1369.0861005146112
-1402.2587713984851
-1458.00313658212
-1511.7050721159062
-1552.7453753912228
-1575.2442701171162
-1578.7025682674314
-1578.7025682674314
-1581.9061496640481
-1582.3380149200193
-1582.3486383727115
-1582.3486383727115
-1582.3486383727115
-1582.3486383727115
-1582.3486383727115
-1582.3486383727115
-1582.3486383727115
-1582.3486383727115
-1582.3486383727115
-1582.3486383727115
-1582.3486383727115
