1.2010633945465088
1.259131669998169
1.2567334175109863
1.2668941020965576
1.223172903060913
1.2705109119415283
1.2792010307312012
1.2127902507781982
1.2774112224578857
1.2645487785339355
1.2626888751983643
1.277311086654663
1.2193989753723145
1.266798734664917
1.2593986988067627
1.2722034454345703
1.237731695175171
1.2304296493530273
1.291285753250122
1.2747342586517334
1.2323603630065918
1.277933120727539
1.251171588897705
1.2579050064086914
1.2676360607147217
1.2185850143432617
1.2202637195587158
1.265507698059082
1.256397008895874
1.2774698734283447
1.2824573516845703
1.2971041202545166
1.2666099071502686
1.242812156677246
1.2561368942260742
1.2211112976074219
1.2142040729522705
1.2304484844207764
1.2876341342926025
1.262528657913208
1.2774832248687744
1.2854030132293701
1.2767162322998047
1.2891833782196045
1.228316307067871
1.2602992057800293
1.2650253772735596
1.2521662712097168
1.2410588264465332
1.2699534893035889
