-611.661539628872
-632.3174355987197
-659.725697784266
-659.8817761879989
-672.2677504692662
-672.2677504692662
-682.8332729023235
-686.9775209348666
-700.2014047256251
-713.5506730702663
-724.809306654513
-744.1398680822854
-744.1398680822854
-760.5366999025726
-770.7197314026948
-770.7197314026948
-786.5716499400746
-805.878557409719
-816.778463247745
-831.5507444809662
-837.3711889340997
-846.6529914711178
-877.671303364349
-922.3779212008561
-981.4319967959362
-1028.377474750516
-1062.7752251609918
-1124.9728282588187
-1163.8759740415264
-1169.4143790045673
-1170.5323217152252
-1170.5323217152252
-1170.5323217152252
-1170.5323217152252
-1171.4803560788725
-1171.7104514159892
-1171.7104514159892
-1171.7104514159892
-1171.7104514159892
-1171.7104514159892
-1171.7104514159892
-1171.7104514159892
-1171.7104514159892
-1171.7104514159892
-1171.7104514159892
-1171.7104514159892
-1171.7104514159892
-1171.7104514159892
-1171.7104514159892
-1171.7104514159892
