29.877743244171143
30.09963583946228
30.215280771255493
30.48701810836792
30.194794178009033
30.432265281677246
30.238741874694824
30.1217257976532
30.492010354995728
30.322314262390137
30.195232629776
30.54367470741272
30.33038020133972
30.26690173149109
30.49661684036255
30.184460163116455
30.662668704986572
30.294134616851807
30.33353614807129
30.13184642791748
30.117363214492798
30.281235218048096
30.592726469039917
30.264419317245483
30.360023498535156
30.31539511680603
30.34221315383911
30.4767324924469
30.33574390411377
30.545360803604126
30.371756076812744
30.38691020011902
30.187983751296997
30.19198513031006
30.07682156562805
30.55065107345581
30.397254467010498
30.249048233032227
30.626370429992676
30.31191921234131
30.332600831985474
30.391329526901245
30.03008246421814
30.494720220565796
30.43025255203247
30.16544222831726
30.50957751274109
30.41714859008789
30.372570276260376
27.89650273323059
