-1247.5010893916028
-1464.2774253788705
-1477.5824800875218
-1575.2445461038699
-1584.4811509756746
-1606.3593729587678
-1608.4566212061743
-1610.804542765725
-1610.9820120651088
-1611.1292507431642
-1611.1913794075244
-1611.67053131089
-1611.755560925369
-1611.7555609253761
-1611.7562761626566
-1611.7607603017118
-1611.7617861283857
-1612.7055137197974
-1612.7920827498685
-1612.7990933318401
-1612.805295118363
-1612.8084981391496
-1612.8084981391496
-1612.809721261535
-1612.8116895114792
-1612.8119238303082
-1612.8119238303082
-1612.821984480972
-1612.9560864165883
-1612.958121508878
-1612.9616858158356
-1612.9648997430509
-1612.9679526296095
-1612.9680099694986
-1612.9680099694986
-1612.9680099694986
-1612.9680118784854
-1612.9680118784854
-1612.9680262294896
-1612.9680356275255
-1612.9680366678533
-1612.9680366678563
-1612.968036897279
-1612.9680370744034
-1612.9680370832382
-1612.9680371205045
-1612.968037129716
-1612.968037143601
-1612.9680372315256
-1612.9680372317748
