0.3484013080596924
0.3134021759033203
0.28876161575317383
0.292069673538208
0.3150959014892578
0.29285478591918945
0.30033421516418457
0.34423017501831055
0.3691561222076416
0.3511929512023926
0.3479130268096924
0.35450148582458496
0.35147547721862793
0.34287142753601074
0.347470760345459
0.3501272201538086
0.34494662284851074
0.3537163734436035
0.3455629348754883
0.3402106761932373
0.35958003997802734
0.35097360610961914
0.34669947624206543
0.3509194850921631
0.3348715305328369
0.35303306579589844
0.35460686683654785
0.36679553985595703
0.3470175266265869
0.3531036376953125
0.34409165382385254
0.34538817405700684
0.33777332305908203
0.3508632183074951
0.3477964401245117
0.34865760803222656
0.3114955425262451
0.3012266159057617
0.33933448791503906
0.3296945095062256
0.2924633026123047
0.29524922370910645
0.35075879096984863
0.33722734451293945
0.34644079208374023
0.34640002250671387
0.34173035621643066
0.3696858882904053
0.3545684814453125
0.3516106605529785
