-169.23553967260764
-169.91470934159577
-169.97940279005957
-169.98657941342287
-169.98740120186565
-169.98747020979334
-169.98747557614777
-169.98747601745504
-169.98747601745504
-169.98747601753277
-169.98747601753277
-169.98747601753277
-169.98747601753277
-169.98747601753277
-169.98747601753277
-169.98747601753277
-169.98747601753277
-169.98747601753277
-169.98747601753277
-169.98747601753277
-169.98747601753277
-169.98747601753277
-169.98747601753277
-169.98747601753277
-169.98747601753277
-169.98747601753277
-169.98747601753277
-169.98747601753277
-169.98747601753277
-169.98747601753277
-169.98747601753277
-169.98747601753277
-169.98747601753277
-169.98747601753277
-169.98747601753277
-169.98747601753277
-169.98747601753277
-169.98747601753277
-169.98747601753277
-169.98747601753277
-169.98747601753277
-169.98747601753277
-169.98747601753277
-169.98747601753277
-169.98747601753277
-169.98747601753277
-169.98747601753277
-169.98747601753277
-169.98747601753277
-169.98747601753277
