0.06052255630493164
0.061127662658691406
0.06075572967529297
0.060819387435913086
0.05940532684326172
0.059888601303100586
0.06175732612609863
0.05968451499938965
0.05869412422180176
0.05854392051696777
0.05947566032409668
0.05903148651123047
0.060007572174072266
0.06086468696594238
0.0607295036315918
0.06015753746032715
0.0671236515045166
0.05922365188598633
0.05944323539733887
0.06061887741088867
0.061597347259521484
0.06038475036621094
0.06298470497131348
0.06052279472351074
0.05845236778259277
0.060814619064331055
0.06437540054321289
0.058750152587890625
0.06151413917541504
0.05978846549987793
0.06340456008911133
0.06348896026611328
0.0588994026184082
0.05619931221008301
0.06278157234191895
0.06127619743347168
0.06348013877868652
0.06291627883911133
0.06107139587402344
0.06100797653198242
0.061302900314331055
0.06178116798400879
0.06020212173461914
0.06259751319885254
0.06268739700317383
0.062348127365112305
0.06160449981689453
0.062294960021972656
0.060410499572753906
0.05992531776428223
