0.01726675033569336
0.01571822166442871
0.015871524810791016
0.015916824340820312
0.01565241813659668
0.015694141387939453
0.015317201614379883
0.015644073486328125
0.015494346618652344
0.01598381996154785
0.015172243118286133
0.015130043029785156
0.01501154899597168
0.015166521072387695
0.015990257263183594
0.015493392944335938
0.015892982482910156
0.015125274658203125
0.015736103057861328
0.015340805053710938
0.01510310173034668
0.015788793563842773
0.01563405990600586
0.015507698059082031
0.014833450317382812
0.015560626983642578
0.01590585708618164
0.015645503997802734
0.01531982421875
0.015082359313964844
0.014986276626586914
0.015160322189331055
0.015459299087524414
0.015069961547851562
0.015681028366088867
0.015505790710449219
0.015087127685546875
0.015220165252685547
0.016375064849853516
0.015787363052368164
0.015479564666748047
0.015186548233032227
0.015528202056884766
0.01519632339477539
0.015845298767089844
0.015023469924926758
0.015295028686523438
0.015348672866821289
0.015326976776123047
0.015334367752075195
