0.016460895538330078
0.0158994197845459
0.01593470573425293
0.015168190002441406
0.015758752822875977
0.015992164611816406
0.015865087509155273
0.015409231185913086
0.015420913696289062
0.015107393264770508
0.015376806259155273
0.01578831672668457
0.015399456024169922
0.015397071838378906
0.015386581420898438
0.015195369720458984
0.015558958053588867
0.015107154846191406
0.015321016311645508
0.014981985092163086
0.014852762222290039
0.015045881271362305
0.01423025131225586
0.01449728012084961
0.014707565307617188
0.014299154281616211
0.014699935913085938
0.014685630798339844
0.01498866081237793
0.014858484268188477
0.014920949935913086
0.020932435989379883
0.014566183090209961
0.014127731323242188
0.014586448669433594
0.015497446060180664
0.015002965927124023
0.015181541442871094
0.01452016830444336
0.015056133270263672
0.015189647674560547
0.01498270034790039
0.015326738357543945
0.015346288681030273
0.015301942825317383
0.015620231628417969
0.01587057113647461
0.015643835067749023
0.015274524688720703
0.016036033630371094
