-21.66082512861913
-21.928725345966026
-21.958991390021616
-21.962375766638147
-21.9627526416218
-21.962794547942266
-21.962799205365965
-21.96279972290071
-21.962799780406165
-21.962799786795735
-21.962799787505755
-21.962799787584572
-21.96279978759339
-21.962799787594356
-21.962799787594502
-21.962799787594502
-21.962799787594502
-21.962799787594502
-21.962799787594502
-21.962799787594513
-21.962799787594513
-21.962799787594513
-21.962799787594513
-21.962799787594513
-21.962799787594513
-21.962799787594513
-21.962799787594513
-21.962799787594513
-21.962799787594513
-21.962799787594513
-21.962799802622097
-21.962799807801712
-22.023670747129753
-24.44728424327486
-24.46242234239233
-24.462422342392376
-24.462422342392376
-24.462422342392376
-24.47442752894001
-24.535331278287916
-24.545872232879816
-24.54587223287988
-24.54595244388082
-24.54595244388082
-24.547563344270735
-24.547563344270735
-24.547563344270735
-24.547563344270735
-24.547563344270756
-24.547571839786695
