0.01735401153564453
0.015517950057983398
0.015123128890991211
0.016170978546142578
0.016423702239990234
0.01582956314086914
0.01733684539794922
0.017220497131347656
0.01671910285949707
0.01602768898010254
0.015318632125854492
0.015235662460327148
0.016119956970214844
0.016596555709838867
0.016439437866210938
0.017067432403564453
0.016900062561035156
0.015831947326660156
0.015524148941040039
0.015648841857910156
0.016610145568847656
0.018253803253173828
0.01756000518798828
0.017629623413085938
0.016813278198242188
0.01582050323486328
0.016161441802978516
0.016188859939575195
0.0170137882232666
0.015961170196533203
0.015277385711669922
0.016149520874023438
0.016582965850830078
0.01680278778076172
0.016238689422607422
0.015781641006469727
0.01564168930053711
0.015916824340820312
0.015723466873168945
0.01679706573486328
0.016714811325073242
0.016643762588500977
0.01756429672241211
0.018155574798583984
0.01748824119567871
0.017637014389038086
0.01678299903869629
0.016924142837524414
0.01604437828063965
0.01571178436279297
