-0.7955512956911436
-3.7135479396771864
-3.7137297142238945
-3.713749912054815
-3.7137521562905835
-3.7271594741690657
-3.7326501552190092
-3.7464227289965817
-3.7470992063822037
-3.7470992064480932
-3.7484797742346414
-3.748633808982427
-3.748633808982427
-3.7489064215609567
-3.7491450562680573
-3.749234641120876
-3.7493253434972877
-3.7493253434972877
-3.7493323004961865
-3.74933230049643
-3.7493372887076926
-3.7493372887076926
-3.749337288707826
-3.749337288707979
-3.749337288707979
-3.749337288707979
-3.749337288707979
-3.749337288707979
-3.749337288707979
-3.749337288707979
-3.749337288707979
-3.749337288707979
-3.749337288707979
-3.749337288707979
-3.749337288707979
-3.749337288707979
-3.749337288707979
-3.749337288707979
-3.749337288707979
-3.749337288707979
-3.749337288707979
-3.749337288707979
-3.749337288708076
-3.749337288708076
-3.749337288708076
-3.7493372887080825
-3.7493372887081056
-3.7493372887081056
-3.7493372887081056
-3.7493372887081056
