0.009158134460449219
0.008619308471679688
0.009009599685668945
0.008998394012451172
0.008806467056274414
0.009028911590576172
0.008597135543823242
0.008638381958007812
0.008293390274047852
0.009013891220092773
0.008369207382202148
0.008829116821289062
0.008769035339355469
0.008673906326293945
0.008376359939575195
0.008527994155883789
0.007639169692993164
0.008124589920043945
0.008408308029174805
0.008206367492675781
0.008717775344848633
0.008347034454345703
0.008873224258422852
0.00871133804321289
0.008949041366577148
0.00813913345336914
0.007714509963989258
0.008063316345214844
0.008485555648803711
0.009124755859375
0.008526802062988281
0.008124589920043945
0.00777888298034668
0.007813692092895508
0.008512496948242188
0.007996797561645508
0.008256673812866211
0.00836801528930664
0.008260250091552734
0.008822202682495117
0.008768558502197266
0.0073735713958740234
0.007551908493041992
0.007974624633789062
0.0076596736907958984
0.007865190505981445
0.008405208587646484
0.008742809295654297
0.008339881896972656
0.007706165313720703
