-67.80765585505694
-67.89526388851094
-67.90832424334603
-67.90977653120076
-67.90994296297835
-67.90995643498881
-67.90995793191952
-67.9099580982473
-67.90995811672794
-67.90995811878098
-67.90995811900915
-67.90995811903448
-67.90995811903774
-67.90995811903774
-67.90995811903798
-67.90995811903798
-67.90995811903798
-67.90995811903798
-67.90995811903798
-67.90995811903798
-67.90995811903798
-67.90995811903798
-67.90995811903798
-67.90995811903798
-67.90995811903798
-67.90995811903798
-67.90995811903798
-67.90995811903798
-67.90995811903798
-67.90995811903798
-67.90995811903798
-67.90995811903798
-67.90995811903798
-67.90995811903798
-67.90995811903798
-67.90995811903798
-67.90995811903798
-67.90995811903798
-67.90995811903798
-67.90995811903798
-67.90995811903798
-67.90995811903798
-67.90995811903798
-67.90995811903798
-67.90995811903798
-67.90995811903798
-67.90995811903798
-67.90995811903798
-67.90995811903798
-67.90995811903798
