0.03129267692565918
0.03097057342529297
0.03149151802062988
0.030562162399291992
0.030890464782714844
0.03207802772521973
0.02999091148376465
0.030572891235351562
0.030809640884399414
0.0299985408782959
0.031328439712524414
0.031092405319213867
0.030414819717407227
0.03080916404724121
0.03165316581726074
0.031804800033569336
0.03184342384338379
0.0316922664642334
0.03177022933959961
0.03182077407836914
0.03165435791015625
0.031201601028442383
0.03089427947998047
0.030484676361083984
0.031827449798583984
0.029754638671875
0.029157638549804688
0.030800580978393555
0.030699729919433594
0.0293426513671875
0.029891490936279297
0.030660152435302734
0.029740571975708008
0.0292208194732666
0.030495166778564453
0.031645774841308594
0.03126382827758789
0.03150033950805664
0.03196430206298828
0.031401872634887695
0.031787872314453125
0.03280067443847656
0.03068852424621582
0.031827449798583984
0.03208494186401367
0.03187108039855957
0.03307056427001953
0.03285789489746094
0.031464576721191406
0.03150653839111328
