-323.2568447838003
-324.3916857863273
-324.5217370064401
-324.5363374399324
-324.53796532404385
-325.53396642597784
-342.15976073233014
-343.40229620527623
-343.4022963956176
-344.48435658644115
-344.4843565888265
-344.4843565890914
-344.5053075890418
-344.51265196412874
-344.5126519641293
-344.51325350539463
-344.5201420550692
-344.5212494700527
-344.5212494700533
-344.52163009458536
-344.52216154064655
-344.52240437510324
-344.5224176256116
-344.52241762561187
-344.52241762561187
-344.52241833028654
-344.52242033392
-344.5224267419504
-344.5224321010038
-344.52246256648226
-344.52248185131083
-344.5224818513111
-344.5224818513111
-344.5224818513111
-344.52248185131145
-344.52248185131145
-344.52248185131145
-344.52248185131145
-344.52248185131145
-344.52248185131145
-344.52248185352136
-344.5224818573338
-344.5224818573338
-344.5224818573338
-344.5224818573338
-344.5224818573338
-344.5224818573965
-344.522481857398
-344.52248185740785
-344.5224818574329
