0.03336048126220703
0.03302288055419922
0.035019874572753906
0.03302311897277832
0.03417038917541504
0.035193681716918945
0.033888816833496094
0.03361105918884277
0.033507347106933594
0.034597158432006836
0.032784461975097656
0.03506159782409668
0.03473949432373047
0.03376150131225586
0.035344600677490234
0.03372526168823242
0.034206390380859375
0.03824758529663086
0.03352522850036621
0.03501248359680176
0.036194562911987305
0.03309750556945801
0.0316770076751709
0.0363461971282959
0.03325152397155762
0.033448219299316406
0.033353328704833984
0.03405451774597168
0.03377485275268555
0.03290057182312012
0.033127546310424805
0.03465628623962402
0.03474688529968262
0.03509235382080078
0.034554481506347656
0.03455018997192383
0.03566598892211914
0.03372478485107422
0.0340421199798584
0.03548312187194824
0.03445863723754883
0.03385329246520996
0.03327035903930664
0.03512716293334961
0.03598308563232422
0.03340649604797363
0.03384804725646973
0.033200979232788086
0.033449411392211914
0.03419017791748047
