-1537.7594140862636
-1554.0032979917241
-1555.6928457656966
-1555.8698952124066
-1555.8910632126501
-1555.893599919522
-1555.8939013630081
-1555.8939366900684
-1555.89394078413
-1555.8939412546447
-1555.8939413084051
-1555.8939413145229
-1555.8939413152182
-1555.8939413152968
-1555.8939413153023
-1555.8939413153037
-1555.893941315308
-1555.893941315308
-1555.893941315308
-1555.893941315308
-1555.893941315308
-1555.893941315308
-1555.893941315308
-1555.893941315308
-1555.893941315308
-1555.893941315308
-1555.893941315308
-1555.893941315308
-1555.893941315308
-1555.893941315308
-1555.893941315308
-1555.893941315308
-1555.893941315308
-1555.893941315308
-1555.893941315308
-1555.893941315308
-1555.893941315308
-1555.893941315308
-1555.893941315308
-1555.893941315308
-1555.893941315308
-1555.893941315308
-1555.893941315308
-1555.893941315308
-1555.893941315308
-1555.893941315308
-1555.893941315308
-1555.893941315308
-1555.893941315308
-1555.893941315308
