1.335425853729248
1.4356122016906738
1.5353517532348633
1.546976089477539
1.5895094871520996
1.5513160228729248
1.538079023361206
1.5540714263916016
1.2485644817352295
1.4483709335327148
1.5498640537261963
1.5669760704040527
1.5513732433319092
1.5783283710479736
1.5651204586029053
1.4964680671691895
1.3346028327941895
1.520171880722046
1.5528466701507568
1.5803604125976562
1.565302848815918
1.5729331970214844
1.560750961303711
1.4494528770446777
1.3249964714050293
1.5200746059417725
1.5254738330841064
1.5457592010498047
1.5358436107635498
1.5710222721099854
1.557037591934204
1.4558193683624268
1.4004812240600586
1.545177698135376
1.571946620941162
1.5626599788665771
1.5416743755340576
1.5769572257995605
1.5663690567016602
1.4386591911315918
1.3784983158111572
1.5669612884521484
1.6007347106933594
1.543318748474121
1.5423362255096436
1.5398852825164795
1.5456979274749756
1.3556089401245117
1.4718050956726074
1.5403594970703125
