-1419.2129467313646
-1453.1865208666484
-1454.4739678854467
-1454.6694609366673
-1454.6903027144303
-1454.6926867382722
-1454.692955331672
-1454.6929856909321
-1454.6929891206873
-1454.6929895082799
-1454.6929895520914
-1454.6929895570397
-1454.6929895576018
-1454.6929895576652
-1454.6929895576702
-1454.6929895576702
-1454.692989557673
-1454.692989557673
-1454.692989557673
-1454.692989557673
-1454.692989557673
-1454.692989557673
-1454.692989557673
-1454.692989557673
-1454.692989557673
-1454.692989557673
-1454.692989557673
-1454.692989557673
-1454.692989557673
-1454.692989557673
-1454.692989557673
-1454.692989557673
-1454.692989557673
-1454.692989557673
-1454.692989557673
-1454.692989557673
-1454.692989557673
-1454.692989557673
-1454.692989557673
-1454.692989557673
-1454.692989557673
-1454.692989557673
-1454.692989557673
-1454.692989557673
-1454.692989557673
-1454.692989557673
-1454.692989557673
-1454.692989557673
-1454.692989557673
-1454.692989557673
