0.5796005725860596
0.5212645530700684
0.5438792705535889
0.4798905849456787
0.571113109588623
0.5656366348266602
0.570206880569458
0.5819151401519775
0.5544760227203369
0.5935671329498291
0.566720724105835
0.5756654739379883
0.564140796661377
0.5745856761932373
0.5863885879516602
0.5450761318206787
0.5732369422912598
0.5682220458984375
0.5760037899017334
0.5671937465667725
0.5870146751403809
0.5365447998046875
0.4926645755767822
0.552175760269165
0.509953498840332
0.5881197452545166
0.6128528118133545
0.590904712677002
0.5631043910980225
0.5541117191314697
0.5884544849395752
0.5683772563934326
0.5787386894226074
0.6001381874084473
0.5769624710083008
0.5600173473358154
0.564868688583374
0.5788514614105225
0.5440750122070312
0.574286937713623
0.5545592308044434
0.5770277976989746
0.5722346305847168
0.5028629302978516
0.5638332366943359
0.5774340629577637
0.5685305595397949
0.5799274444580078
0.589393138885498
0.5632576942443848
