-7.667597519999432
-7.667938618850822
-7.899073048096702
-8.991993994981138
-9.26376754044065
-9.482459231655394
-10.019960861746831
-11.852863396812314
-11.979357020087704
-12.479609075279866
-12.497036098714137
-12.497036098714137
-12.497036098714137
-12.497036098714137
-12.559139543433636
-12.559139543433636
-12.559139543433636
-12.559139543433636
-12.559139543433636
-12.559139543433636
-12.559139543433636
-12.559139543433636
-12.559139543433636
-14.065612263210204
-14.535946926318909
-14.696893958500265
-14.77799669784415
-14.822644337038163
-14.823292773631504
-14.823292773631504
-14.823292773631504
-15.496765927730461
-16.892785947698542
-16.978364254760724
-17.042024906980995
-17.048588626795592
-17.048588626795592
-17.11430806555232
-17.244342170645666
-17.295934288867592
-17.30108413110922
-18.536940457019387
-18.547270871952488
-18.547270871952488
-18.547270871952488
-19.372725046975784
-19.431469100289544
-19.450634207241258
-19.450634207241258
-19.450634207241258
