0.07394814491271973
0.07663917541503906
0.08026385307312012
0.08072662353515625
0.07540607452392578
0.07891488075256348
0.07628393173217773
0.07756257057189941
0.07506179809570312
0.0829610824584961
0.07819962501525879
0.08195281028747559
0.07738256454467773
0.07626223564147949
0.0771024227142334
0.07700610160827637
0.0752100944519043
0.07611942291259766
0.08201003074645996
0.08225011825561523
0.08064556121826172
0.0799860954284668
0.07890725135803223
0.07803034782409668
0.080291748046875
0.07989358901977539
0.08278179168701172
0.07799959182739258
0.07999849319458008
0.07755804061889648
0.07519793510437012
0.07375073432922363
0.07778644561767578
0.08226466178894043
0.07965302467346191
0.07791805267333984
0.07751750946044922
0.07799410820007324
0.07901263236999512
0.08078622817993164
0.0831446647644043
0.08015179634094238
0.07969164848327637
0.0794365406036377
0.07729935646057129
0.07802700996398926
0.07675647735595703
0.07713532447814941
0.08281350135803223
0.08288097381591797
