-160.21175475875444
-313.6167432646511
-313.6167432646511
-313.6167432646511
-313.6167432646511
-313.6167432646511
-313.6167432646511
-313.6167432646511
-313.6167432646511
-313.6167432646511
-313.6167432646511
-313.6167432646511
-313.6167432646511
-314.72626107304575
-314.72626107304575
-317.53826197804244
-317.53826197804244
-317.53826197804244
-317.53826197804244
-320.5771007404663
-320.5927613192676
-320.5927613192676
-323.28713777379124
-323.28713777379124
-323.28713777379124
-327.59321356591266
-327.59321356591266
-327.59321356591266
-327.59321356591266
-327.59321356591266
-327.59321356591266
-327.59321356591266
-327.59321356591266
-327.59321356591266
-330.1258833900819
-330.1258833900819
-330.1258833900819
-336.5492317135047
-338.7894646957725
-338.7894646957725
-339.2749321474401
-347.19619558155654
-348.75332746577476
-348.75332746577476
-362.7439873941154
-364.9179188941733
-369.6344396286365
-381.0146298476965
-384.5029164025162
-392.1142865477794
