7.636808156967163
7.696740627288818
7.811965465545654
7.665467262268066
7.715942144393921
7.862130165100098
7.731629133224487
7.8091230392456055
7.786366939544678
7.711480379104614
7.778194904327393
7.783572196960449
7.705748558044434
7.715129852294922
7.822263956069946
7.749998092651367
7.805033206939697
7.809695243835449
7.716330289840698
7.813726425170898
7.778410196304321
7.689260005950928
7.778186798095703
7.833975791931152
7.746622085571289
7.724987030029297
7.839390516281128
7.6823155879974365
7.716752767562866
7.781766891479492
7.749151706695557
7.741231918334961
7.802796125411987
7.720536708831787
7.836912393569946
7.817546844482422
7.785720348358154
7.653737545013428
7.788896799087524
7.76166844367981
7.749154806137085
7.800168752670288
7.705140113830566
7.809803485870361
7.830960273742676
7.752482175827026
7.7113611698150635
7.759973049163818
7.7798073291778564
7.706406354904175
