0.013702392578125
0.014195442199707031
0.014353036880493164
0.015193462371826172
0.015113115310668945
0.014833211898803711
0.015570402145385742
0.015532732009887695
0.015727758407592773
0.01558375358581543
0.015270233154296875
0.015010595321655273
0.015187740325927734
0.015208959579467773
0.015152931213378906
0.015549421310424805
0.01592421531677246
0.015031814575195312
0.015269279479980469
0.015494823455810547
0.015380620956420898
0.015362739562988281
0.015551090240478516
0.01580643653869629
0.01585698127746582
0.015398502349853516
0.015827417373657227
0.015146255493164062
0.015770435333251953
0.015761852264404297
0.015482902526855469
0.01522207260131836
0.01562786102294922
0.01579594612121582
0.015272140502929688
0.015186071395874023
0.015257835388183594
0.015580892562866211
0.015372514724731445
0.015317201614379883
0.01573967933654785
0.015385866165161133
0.015154361724853516
0.015544414520263672
0.015941858291625977
0.01576685905456543
0.015074491500854492
0.014882326126098633
0.014966964721679688
0.015297651290893555
