-627.5219799716866
-653.4720767168326
-848.4774276117598
-854.9491118417961
-855.3833843896817
-868.5336667423041
-868.9093191523297
-875.9407848058008
-875.9407898501325
-875.9679563797282
-875.9679564411106
-875.9679564479299
-875.9679564486893
-876.3463702614466
-876.3746566680104
-876.3746566680104
-876.3761138499642
-876.3761138499642
-876.3773699247744
-876.3774721307884
-877.8904700726783
-881.7863964718845
-881.988492714204
-882.1923413427897
-882.2374507341175
-882.3782563361952
-882.4112325143974
-882.411232514399
-882.411232514399
-882.4123360186218
-882.4123360186218
-882.4123360186218
-882.4123360186226
-882.4123360186226
-882.4123360186226
-882.4123360186226
-882.4124768256811
-882.412478464538
-882.412478464538
-882.412478464538
-882.4124786846372
-882.4124788735577
-882.4124789797584
-882.4124792552436
-882.4124792552444
-882.4124792629917
-882.4124792681315
-882.4124792779196
-882.4124792787143
-882.4124792891545
