0.08634281158447266
0.0890207290649414
0.09112858772277832
0.0943300724029541
0.08933353424072266
0.09185123443603516
0.09196257591247559
0.08207154273986816
0.07530498504638672
0.07104945182800293
0.06975817680358887
0.07877254486083984
0.07609152793884277
0.07692122459411621
0.08324170112609863
0.08475041389465332
0.0914144515991211
0.08611392974853516
0.0727691650390625
0.07294011116027832
0.07118964195251465
0.07034182548522949
0.06982421875
0.06877756118774414
0.06925773620605469
0.06937289237976074
0.06981706619262695
0.06671285629272461
0.07221293449401855
0.09006571769714355
0.08746743202209473
0.09146618843078613
0.09152364730834961
0.09122228622436523
0.09006762504577637
0.08977532386779785
0.08947992324829102
0.09031414985656738
0.08697152137756348
0.09137105941772461
0.08910322189331055
0.08831048011779785
0.08789944648742676
0.08814620971679688
0.08727121353149414
0.08820891380310059
0.08852958679199219
0.09127259254455566
0.08831620216369629
0.09052085876464844
