-1316.6001015512832
-1319.6769987125328
-1320.234992371177
-1320.2703319845834
-1320.2744890705744
-1320.2749466127104
-1320.2749984964921
-1320.2750043597978
-1320.2750050231941
-1320.2750050982384
-1320.275005106726
-1320.2750051076875
-1320.2750051077953
-1320.2750051078094
-1320.2750051078094
-1320.2750051078094
-1320.2750051078094
-1320.2750051078094
-1320.2750051078094
-1320.2750051078094
-1320.2750051078094
-1320.2750051078094
-1320.2750051078094
-1320.2750051078094
-1320.2750051078094
-1320.2750051078094
-1320.2750051078094
-1320.2750051078094
-1320.2750051078094
-1320.2750051078094
-1320.2750051078094
-1320.2750051078094
-1320.2750051078094
-1320.2750051078094
-1320.2750051078094
-1320.2750051078094
-1320.2750051078094
-1320.2750051078094
-1320.2750051078094
-1320.2750051078094
-1320.2750051078094
-1320.2750051078094
-1320.2750051078094
-1320.2750051078094
-1320.2750051078094
-1320.2750051078094
-1320.2750051078094
-1320.2750051078094
-1320.2750051078094
-1320.2750051078094
