0.713778018951416
0.7447118759155273
0.6960065364837646
0.6872820854187012
0.7172129154205322
0.7185637950897217
0.7148387432098389
0.7307758331298828
0.7070908546447754
0.7339086532592773
0.6625082492828369
0.6986825466156006
0.7339978218078613
0.7341749668121338
0.7257134914398193
0.7358250617980957
0.7168641090393066
0.691478967666626
0.7286884784698486
0.6899945735931396
0.7316932678222656
0.7076165676116943
0.6763389110565186
0.7124500274658203
0.7436671257019043
0.6845417022705078
0.7048959732055664
0.701730489730835
0.6440870761871338
0.6457943916320801
0.6821699142456055
0.7268061637878418
0.6989264488220215
0.7322728633880615
0.7065577507019043
0.7094087600708008
0.6946501731872559
0.7434203624725342
0.6980037689208984
0.7205517292022705
0.7215731143951416
0.6837215423583984
0.7294611930847168
0.6949822902679443
0.6484906673431396
0.7605080604553223
0.6778030395507812
0.703524112701416
0.6860008239746094
0.6745872497558594
