-331.58879857656194
-331.877341506992
-331.877341506992
-728.4251782664746
-728.4251782664746
-861.6583125505279
-861.658506453523
-861.6585309566314
-1445.963429770619
-1445.9634314028303
-1445.9634314028303
-1445.963434100293
-1445.963434100293
-1445.9634344305014
-1484.7281883910798
-1519.1887138864288
-1519.1887138864288
-1519.1887138936854
-1519.1887138936854
-1519.1887138940092
-1519.1887138940092
-1519.1887138940401
-1519.1887138940401
-1568.5534290584715
-1568.5534290584715
-1568.5534290584744
-1568.5534290584758
-1568.5534290584758
-1568.5534290584758
-1568.5534290584758
-1568.5534290584758
-1568.5534290584758
-1568.5534290584758
-1568.5534290584758
-1590.6812162573078
-1590.6812162573078
-1590.6812162573078
-1590.6812162573078
-1590.6812162573078
-1590.6812162573078
-1590.6812162573078
-1590.6812162573078
-1590.6812162573078
-1590.6812162573078
-1590.6812162573078
-1590.6812162573078
-1590.6812162573078
-1590.6812162573078
-1590.6812162573078
-1590.6812162573078
