0.15404319763183594
0.15102243423461914
0.16935253143310547
0.16138339042663574
0.1543283462524414
0.1536402702331543
0.15148258209228516
0.15277957916259766
0.14894771575927734
0.15114808082580566
0.15129947662353516
0.15240025520324707
0.15129351615905762
0.15158724784851074
0.15465736389160156
0.14912915229797363
0.14575529098510742
0.15053009986877441
0.15317702293395996
0.14694452285766602
0.15232539176940918
0.15838980674743652
0.1528470516204834
0.1528947353363037
0.1505718231201172
0.1524043083190918
0.15425896644592285
0.15647172927856445
0.15132546424865723
0.15409564971923828
0.1540379524230957
0.1516554355621338
0.15458893775939941
0.15189814567565918
0.15639424324035645
0.15235209465026855
0.1537315845489502
0.15298700332641602
0.15713024139404297
0.15500092506408691
0.14531874656677246
0.1513376235961914
0.1560063362121582
0.15328025817871094
0.1567981243133545
0.1559128761291504
0.15287470817565918
0.15271449089050293
0.15340685844421387
0.15491342544555664
