-529.7278962376624
-530.4760330079486
-804.3409322055154
-828.4269465232455
-882.6517045673627
-995.6632067324272
-995.6632273038188
-995.6632295896809
-1023.6107309749486
-1047.147078804817
-1083.7979538016048
-1083.7979553664834
-1083.797955540362
-1084.2582091279812
-1084.2741805206394
-1132.8793354638306
-1145.126747266052
-1148.389647582143
-1149.3236757631912
-1149.3236763469363
-1149.3872147035486
-1149.422324546215
-1149.4465094429163
-1149.4661498219402
-1149.8775438329055
-1150.3031521657292
-1150.3093715496552
-1150.3573198988256
-1150.3573198988256
-1150.358020789084
-1150.361263612004
-1153.8954559302397
-1155.750289676197
-1155.988444733285
-1156.0726452163872
-1156.1200957758856
-1156.1436979554526
-1160.268162644442
-1167.3181395762015
-1167.845459031519
-1168.2525927164068
-1168.395301681141
-1168.451116140726
-1168.4933580157578
-1168.4952924249724
-1168.5003114699996
-1168.5003114699996
-1168.5014881108295
-1168.5025262165489
-1168.5029583847613
