0.26244187355041504
0.2698187828063965
0.26699304580688477
0.26775574684143066
0.2592356204986572
0.2893972396850586
0.25833678245544434
0.24287056922912598
0.2168726921081543
0.23206758499145508
0.23739910125732422
0.22169733047485352
0.24533581733703613
0.2393629550933838
0.2700045108795166
0.2716057300567627
0.2610809803009033
0.25492024421691895
0.2563652992248535
0.26041269302368164
0.26183080673217773
0.2639896869659424
0.26110196113586426
0.2565457820892334
0.2550933361053467
0.2581961154937744
0.2510223388671875
0.25107383728027344
0.2606089115142822
0.2532815933227539
0.24429011344909668
0.2549901008605957
0.25644803047180176
0.2846705913543701
0.2554357051849365
0.26132869720458984
0.2544126510620117
0.2657127380371094
0.2601134777069092
0.25162386894226074
0.2565319538116455
0.2593040466308594
0.26730966567993164
0.2674839496612549
0.2518775463104248
0.26567554473876953
0.2594482898712158
0.26080322265625
0.24424028396606445
0.24825787544250488
