-167.16950112479432
-169.81759960226367
-169.96652177401688
-169.98523859547012
-169.98722596467647
-169.9874481011939
-169.98747288322681
-169.9874756651588
-169.98747597817356
-169.98747601345664
-169.98747601743872
-169.9874760178885
-169.98747601793877
-169.98747601794466
-169.9874760179457
-169.9874760179457
-169.9874760179457
-169.9874760179457
-169.9874760179457
-169.9874760179457
-169.9874760179457
-169.9874760179457
-169.9874760179457
-169.9874760179457
-169.9874760179457
-169.9874760179457
-169.9874760179457
-169.9874760179457
-169.9874760179457
-169.9874760179457
-169.9874760179457
-169.9874760179457
-169.9874760179457
-169.9874760179457
-169.9874760179457
-169.9874760179457
-169.9874760179457
-169.9874760179457
-169.9874760179457
-169.9874760179457
-169.9874760179457
-169.9874760179457
-169.9874760179457
-169.9874760179457
-169.9874760179457
-169.9874760179457
-169.9874760179457
-169.9874760179457
-169.9874760179457
-169.9874760179457
