0.15601277351379395
0.1591966152191162
0.1510007381439209
0.17261099815368652
0.16110992431640625
0.15903162956237793
0.1570136547088623
0.15317869186401367
0.1551501750946045
0.14029860496520996
0.15581512451171875
0.16135144233703613
0.15596437454223633
0.15703868865966797
0.14742302894592285
0.15975284576416016
0.1628742218017578
0.158433198928833
0.1530003547668457
0.14991521835327148
0.1653614044189453
0.15459465980529785
0.1483001708984375
0.16196656227111816
0.16168665885925293
0.15996909141540527
0.16048026084899902
0.15917420387268066
0.1615767478942871
0.15902161598205566
0.1544184684753418
0.15945887565612793
0.15901494026184082
0.16410279273986816
0.16315388679504395
0.1615595817565918
0.1568005084991455
0.1612098217010498
0.1545250415802002
0.1524658203125
0.15327763557434082
0.1606442928314209
0.1640005111694336
0.15619373321533203
0.15842986106872559
0.16039037704467773
0.15532898902893066
0.1562821865081787
0.1569814682006836
0.16081786155700684
