0.15918445587158203
0.15840673446655273
0.15125632286071777
0.15707612037658691
0.15666699409484863
0.15734577178955078
0.161179780960083
0.15582060813903809
0.15633678436279297
0.15110373497009277
0.15923357009887695
0.15554499626159668
0.20589184761047363
0.15260624885559082
0.15461063385009766
0.149855375289917
0.150665283203125
0.14577460289001465
0.13916540145874023
0.14438891410827637
0.15072894096374512
0.14733600616455078
0.14624619483947754
0.15348172187805176
0.15473318099975586
0.15497565269470215
0.14809250831604004
0.14817142486572266
0.14979076385498047
0.14361262321472168
0.14537405967712402
0.1512739658355713
0.14786839485168457
0.14642763137817383
0.14383840560913086
0.14062714576721191
0.15182971954345703
0.15042352676391602
0.1525099277496338
0.14430522918701172
0.14702057838439941
0.14598941802978516
0.1436631679534912
0.14702320098876953
0.14444422721862793
0.14429545402526855
0.14571881294250488
0.14355230331420898
0.14859247207641602
0.14201831817626953
