-167.7068638992244
-169.74026855680793
-169.96688265665153
-169.98522945132711
-169.9872883418197
-169.98746023011665
-169.9874747948467
-169.9874758800345
-169.98747600531902
-169.9874760168727
-169.98747601786133
-169.98747601793846
-169.98747601793846
-169.98747601793846
-169.98747601794406
-169.98747601794494
-169.98747601794494
-169.98747601794494
-169.98747601794494
-169.98747601794494
-169.98747601794494
-169.98747601794494
-169.98747601794494
-169.98747601794494
-169.98747601794494
-169.98747601794494
-169.98747601794494
-169.98747601794494
-169.98747601794494
-169.98747601794494
-169.98747601794494
-169.98747601794494
-169.98747601794494
-169.98747601794494
-169.98747601794494
-169.98747601794494
-169.98747601794494
-169.98747601794494
-169.98747601794494
-169.98747601794494
-169.98747601794494
-169.98747601794494
-169.98747601794494
-169.98747601794494
-169.98747601794494
-169.98747601794494
-169.98747601794494
-169.98747601794494
-169.98747601794494
-169.98747601794494
