0.04628157615661621
0.04728102684020996
0.046849966049194336
0.05832028388977051
0.04853987693786621
0.04824709892272949
0.04849839210510254
0.045763492584228516
0.05231952667236328
0.04739856719970703
0.04661870002746582
0.048360347747802734
0.04683566093444824
0.046852827072143555
0.04779052734375
0.05257582664489746
0.048029422760009766
0.046446800231933594
0.04660296440124512
0.04689288139343262
0.04681229591369629
0.0493924617767334
0.04665088653564453
0.04696249961853027
0.04930853843688965
0.04654645919799805
0.04629111289978027
0.04558873176574707
0.04607200622558594
0.04575967788696289
0.04885578155517578
0.05023312568664551
0.04966568946838379
0.04539322853088379
0.045572519302368164
0.04630708694458008
0.04658389091491699
0.04662203788757324
0.04625368118286133
0.04600811004638672
0.0467982292175293
0.04870796203613281
0.047354936599731445
0.04693603515625
0.046730995178222656
0.046539306640625
0.05182051658630371
0.04610705375671387
0.046301841735839844
0.04878377914428711
