-67.80765585505694
-67.89526388851094
-67.90832424334603
-67.90982172586229
-67.90994752916902
-67.90995710386292
-67.90995803728359
-67.90995811275322
-67.90995811845424
-67.909958118991
-67.90995811903231
-67.9099581190372
-67.9099581190375
-67.9099581190375
-67.9099581190375
-67.9099581190375
-67.9099581190375
-67.9099581190375
-67.9099581190375
-67.9099581190375
-67.9099581190375
-67.9099581190375
-67.9099581190375
-67.9099581190375
-67.9099581190375
-67.9099581190375
-67.9099581190375
-67.9099581190375
-67.9099581190375
-67.9099581190375
-67.9099581190375
-67.9099581190375
-67.9099581190375
-67.9099581190375
-67.9099581190375
-67.9099581190375
-67.9099581190375
-67.9099581190375
-67.9099581190375
-67.9099581190375
-67.9099581190375
-67.9099581190375
-67.9099581190375
-67.9099581190375
-67.9099581190375
-67.9099581190375
-67.9099581190375
-67.9099581190375
-67.9099581190375
-67.9099581190375
