0.031586408615112305
0.030562162399291992
0.030820608139038086
0.03063178062438965
0.032233476638793945
0.031296730041503906
0.031568288803100586
0.031092166900634766
0.03073596954345703
0.031012535095214844
0.0301513671875
0.03123617172241211
0.03161811828613281
0.031694650650024414
0.030354976654052734
0.03411746025085449
0.03100895881652832
0.03374433517456055
0.030836820602416992
0.030959606170654297
0.031496524810791016
0.032114505767822266
0.0310823917388916
0.031856536865234375
0.031129837036132812
0.033170461654663086
0.03223443031311035
0.03159689903259277
0.032904624938964844
0.031469106674194336
0.032637596130371094
0.03232407569885254
0.0328373908996582
0.032369136810302734
0.03602766990661621
0.0321347713470459
0.03354668617248535
0.03163027763366699
0.0331578254699707
0.030629873275756836
0.03229403495788574
0.03164935111999512
0.03163766860961914
0.02716970443725586
0.03050541877746582
0.03217434883117676
0.03106069564819336
0.03288674354553223
0.03168463706970215
0.031584739685058594
